-1.85
-0.74
-1.92
-0.74
-0.89
-2.05
-0.94
0.25
-1.72
-1.04
0.66
-1.32
-1.7
-0.98
-0.5
-1.76
-2.85
-0.19
0.62
-0.77
-1.2
0.53
-0.65
-1.96
-1.4
-0.36
-1.7
-1.03
-1.44
-1.59
-1.25
-0.38
-1.22
-0.92
-0.86
-0.46
-1.46
1.11
-1.49
-1.54
-1.3
-0.68
-1.64
-1.37
-1.85
-0.66
-1.49
-1.98
-1.3
-1.74
-1.66
-1.54
0.1
-0.48
-1.3
0.01
-0.96
0.83
-2.1
-1.49
0.46
-1.37
-0.79
-1.59
0.69
-1
-1.3
-0.39
-3.21
-0.47
-2.67
-0.64
0.58
0.87
0.76
0.74
0.48
0.52
0
-0.02
-1.09
-1.44
0.89
0.14
0.84
-0.8
-1.38
-1.92
-1.2
-0.17
0
-1.7
-0.48
-1.29
-2.05
-1.1
-1.52
-4.46
0.22
0.74
0.77
0.73
0.85
0.73
-1.6
-1.28
-0.89
-1.3
-0.96
-1.35
0.47
0.52
-1.7
-1.52
-1.74
0.58
-1.92
-2.22
-0.59
-0.57
0.03
0.18
-0.38
-4.49
-0.85
0.3
-0.6
0.01
-1.92
0.96
-1.17
-0.91
-2.52
-1.17
0.22
0.72
0.48
0.93
0.81
-1.55
-0.35
-3.7
-1.41
-2.99
-1.72
-0.35
-1.12
-2.3
-1.14
-0.07
-2.3
-2
-0.77
-1.1
-1.96
-1.02
-1.25
-0.42
-1.11
-1.89
